1 0.4014423076923077 0.16346153846153846 0.039663461538461536 0.11899038461538461
1 0.3701923076923077 0.16826923076923078 0.051682692307692304 0.13822115384615385
1 0.6322115384615384 0.17307692307692307 0.042067307692307696 0.10336538461538461
1 0.7596153846153846 0.17307692307692307 0.052884615384615384 0.140625
1 0.31850961538461536 0.18028846153846154 0.04807692307692308 0.13701923076923078
1 0.6911057692307693 0.18990384615384615 0.04807692307692308 0.1310096153846154
1 0.8197115384615384 0.19471153846153846 0.06370192307692307 0.14302884615384615
1 0.2283653846153846 0.19591346153846154 0.06610576923076923 0.18509615384615385
1 0.27884615384615385 0.19951923076923078 0.052884615384615384 0.1502403846153846
1 0.49038461538461536 0.20192307692307693 0.07692307692307693 0.19110576923076922
1 0.056490384615384616 0.21754807692307693 0.109375 0.2247596153846154
1 0.1778846153846154 0.23798076923076922 0.09134615384615384 0.20552884615384615
1 0.7524038461538461 0.43028846153846156 0.1935096153846154 0.3954326923076923
1 0.15384615384615385 0.6033653846153846 0.30649038461538464 0.7896634615384616
1 0.4423076923076923 0.6237980769230769 0.29447115384615385 0.7487980769230769
1 0.7403846153846154 0.6442307692307693 0.27524038461538464 0.7091346153846154
1 0.5168269230769231 0.15384615384615385 0.037259615384615384 0.109375
1 0.4326923076923077 0.15625 0.037259615384615384 0.10817307692307693
1 0.5853365384615384 0.15865384615384615 0.036057692307692304 0.13221153846153846