2 0.6748046875 0.4216691068814056 0.099609375 0.29282576866764276
2 0.30126953125 0.48462664714494874 0.2490234375 0.9663250366032211
2 0.470703125 0.486090775988287 0.10546875 0.46266471449487556
2 0.85986328125 0.4868228404099561 0.0595703125 0.47291361639824303
2 0.79931640625 0.48975109809663253 0.0556640625 0.4787701317715959
2 0.5703125 0.49487554904831627 0.083984375 0.41874084919472915
2 0.9814453125 0.5007320644216691 0.037109375 0.4538799414348463
2 0.927734375 0.5036603221083455 0.06640625 0.424597364568082
2 0.76171875 0.513177159590044 0.056640625 0.47291361639824303
2 0.70263671875 0.568814055636896 0.0517578125 0.3411420204978038
2 0.61767578125 0.62298682284041 0.1025390625 0.23572474377745242