2 0.1240234375 0.6185944363103953 0.025390625 0.0424597364568082
2 0.142578125 0.623718887262079 0.01953125 0.06149341142020498
2 0.310546875 0.6310395314787701 0.03125 0.1171303074670571
2 0.01171875 0.636896046852123 0.0234375 0.07320644216691069
2 0.68017578125 0.6478770131771596 0.0634765625 0.25329428989751096
2 0.82666015625 0.6537335285505125 0.0439453125 0.19472913616398244
2 0.88916015625 0.6683748169838946 0.0654296875 0.30307467057101023
2 0.55078125 0.6756954612005857 0.048828125 0.22986822840409957
2 0.501953125 0.6793557833089312 0.048828125 0.24597364568081992
2 0.9609375 0.6808199121522694 0.0625 0.2635431918008785
2 0.19921875 0.691800878477306 0.0625 0.26500732064421667